1 RB1 19.05 -6.76 19.63
2 RB2 22.56 -7.91 19.63
3 RB3 26.92 -8.93 19.63
4 RB4 30.80 -8.93 20.48
5 RB5 34.10 -9.45 20.48
6 RB6 38.47 -9.96 21.76
7 RB7 42.31 -10.99 21.76
8 RB8 46.41 -10.73 22.71
9 RB9 50.49 -11.24 23.55
10 RB10 54.36 -12.02 23.55
11 RI1 24.16 -27.46 30.98
12 RI2 27.99 -27.46 27.90
13 RI3 30.80 -27.46 26.11
14 RI4 33.62 -27.46 23.30
15 RI5 36.68 -27.46 19.97
16 RI6 40.01 -27.46 17.92
17 RI7 43.33 -27.43 14.85
18 RI8 46.14 -27.20 12.03
19 RI9 48.95 -27.20 10.24
20 RI10 52.28 -27.46 7.42
21 RA1 16.15 -15.61 19.20
22 RA2 19.74 -16.12 19.20
23 RA3 24.67 -17.15 19.97
24 RA4 27.95 -17.67 19.97
25 RA5 32.05 -18.44 19.97
26 RA6 36.16 -19.72 19.97
27 RA7 39.75 -19.72 20.91
28 RA8 44.36 -20.23 20.91
29 RA9 47.70 -20.75 20.91
30 RA10 52.06 -21.26 20.91
31 RT1 31.14 -1.62 6.88
32 RT2 34.87 -1.74 6.88
33 RT3 37.69 -1.48 6.88
34 RT4 41.03 -1.48 7.68
35 RT5 44.11 -1.48 7.68
36 RT6 46.93 -1.48 7.68
37 RT7 49.46 -1.74 8.70
38 RT8 52.31 -2.00 8.70
39 RT9 55.65 -1.74 8.70
40 RT10 59.43 -1.23 9.98
41 RC1 19.57 13.80 18.42
42 RC2 25.13 14.92 18.42
43 RC3 29.98 14.92 16.93
44 RC4 34.44 14.92 16.19
45 RC5 39.77 15.68 16.19
46 RC6 45.03 15.68 14.97
47 RC7 50.29 16.43 14.97
48 RC8 55.27 14.67 13.58
49 RC9 59.67 16.43 13.58
50 RC10 63.80 16.43 13.58
51 RX1 1.80 36.85 -11.72
52 RX2 7.98 37.10 -14.02
53 RX3 15.98 36.23 -14.02
54 RX4 22.81 35.61 -14.02
55 RX5 28.70 35.30 -15.75
56 RX6 35.53 35.30 -15.75
57 RX7 43.24 34.32 -18.23
58 RX8 49.43 33.39 -19.28
59 RX9 55.92 33.08 -20.39
60 RX10 62.73 32.81 -21.94
61 RP1 1.18 55.34 -24.93
62 RP2 6.43 55.03 -25.55
63 RP3 10.76 55.04 -27.10
64 RP4 15.36 54.72 -27.10
65 RP5 20.04 53.49 -29.58
66 RP6 24.99 54.41 -30.20
67 RP7 30.25 53.78 -32.99
68 RP8 34.60 54.10 -32.99
69 RP9 39.53 54.41 -34.84
70 RP10 45.10 53.47 -36.08
71 RQ1 4.27 -36.82 -25.55
72 RQ2 7.67 -37.03 -26.48
73 RQ3 11.69 -36.41 -27.72
74 RQ4 15.40 -36.41 -29.27
75 RQ5 18.50 -36.41 -30.20
76 RQ6 23.14 -36.41 -31.75
77 RQ7 26.85 -36.10 -33 60
78 RQ8 30.56 -35.79 -34.22
79 RQ9 33.96 -35.58 -35.46
80 RQ10 37.67 -35.89 -37.63
81 RO1 -24.19 -45.17 7.28
82 RO2 -16.45 -45.42 5.11
83 RO3 -9.03 -45.17 3.26
84 RO4 -1.92 -45.17 1.09
85 RO5 6.13 -45.42 -1.08
86 RO6 14.17 -45.48 -2.94
87 RO7 21.59 -46.10 -6.35
88 RO8 28.70 -46.10 -8.82
89 RO9 37.05 -45.42 -10.99
90 RO10 43.86 -45.17 -12.23
91 RF1 20.95 25.97 20.91
92 RF2 26.23 26.90 20.91
93 RF3 30.88 27.20 20.37
94 RF4 35.51 27.22 19.56
95 RF5 40.46 27.20 18.63
96 RF6 45.41 28.15 18.01
97 RF7 50.12 29.70 18.01
98 RF8 55.71 29.70 18.01
99 RF9 59.94 30.94 16.78
100 RF10 65.02 31.26 16.78
101 LB1 -22.18 -5.89 22.84
102 LB2 -26.67 -5.02 22.46
103 LB3 -31.93 -5.58 20.91
104 LB4 -35.95 -5.02 19.05
105 LB5 -41.42 -3.47 19.05
106 LB6 -46.08 -1.91 19.05
107 LB7 -51.42 -3.11 16.88
108 LB8 -55.70 -1.29 16.88
109 LB9 -61.01 -1.56 15.03
110 LB10 -65.03 -0.98 13.79
111 LI1 -21.87 -21.18 26.87
112 LI2 -25.91 -20.87 26.87
113 LI3 -29.63 -20.87 26.87
114 LI4 -33.67 -20.25 26.87
115 LI5 -38.32 -19.63 26.87
116 LI6 -41.42 -19.63 26.87
117 LI7 -45.77 -19.63 26.87
118 LI8 -49.49 -19.32 26.87
119 LI9 -53.84 -19.32 26.87
120 LI10 -57.56 -19.01 26.87
